camera_matrix:
- - 2053.816776615719
  - 0.0
  - 1279.22318566902
- - 0.0
  - 2077.7805166288886
  - 751.3446636804674
- - 0.0
  - 0.0
  - 1.0
dist_coeffs:
- - -0.26612648027737945
  - 0.24983459345755726
  - 0.005206029692830375
  - -0.014656954058346772
  - 0.5001611370469684
image_width: 2688
image_height: 1520
extrinsics:
- image: 192.168.110.162_ch_1_20250829_135227.png
  rvec:
  - - -0.20539788846797763
  - - -1.5799176933692909
  - - -2.551512354396245
  tvec:
  - - 1341.9086716148386
  - - 995.5049346171114
  - - 4188.83389061295
- image: 192.168.110.162_ch_1_20250829_135416.png
  rvec:
  - - -0.2044287017967983
  - - -1.5788052326834119
  - - -2.55172892470775
  tvec:
  - - 1341.9936965489464
  - - 995.7714980372186
  - - 4189.290652856531
- image: 192.168.110.162_ch_1_20250829_135418.png
  rvec:
  - - -0.20454782813940506
  - - -1.578997730300168
  - - -2.5516568753584954
  tvec:
  - - 1341.923075651952
  - - 995.6681051232446
  - - 4188.967890807618
- image: 192.168.110.162_ch_1_20250829_135419.png
  rvec:
  - - -0.2045260707487434
  - - -1.5790207953346245
  - - -2.55161862774591
  tvec:
  - - 1341.8776661315662
  - - 995.6335837016364
  - - 4188.8105435421385
board_to_room:
  R:
  - - 1.0
    - 0.0
    - 0.0
  - - 0.0
    - 1.0
    - 0.0
  - - 0.0
    - 0.0
    - 1.0
  t:
  - 1246072.0
  - 578116.0
  - 0.0


