camera_id: "204"
camera_matrix:
- - 1166.1529777534918
  - 0.0
  - 925.7851717548964
- - 0.0
  - 1172.6820383901018
  - 613.2293202694177
- - 0.0
  - 0.0
  - 1.0
dist_coeffs:
- - -0.3817485986828778
  - 0.14196105853095997
  - -0.004700988620043316
  - 0.002238918426021058
  - -0.009315317436134903
image_width: 1920
image_height: 1080
extrinsics:
- image: 192.168.14.204_ch_1_20251209_154930.png
  rvec:
  - - -0.42579539124804067
  - - 1.2217891946948134
  - - 2.2111341243992277
  tvec:
  - - 2196.9753443612594
  - - 692.6415095101805
  - - 4111.747000920059
- image: 192.168.14.204_ch_1_20251209_154931.png
  rvec:
  - - -0.42588053255584657
  - - 1.2216854049837536
  - - 2.211127427436172
  tvec:
  - - 2197.0534886773194
  - - 692.6756650912747
  - - 4111.960659425281
- image: 192.168.14.204_ch_1_20251209_154932.png
  rvec:
  - - -0.42547225232656954
  - - 1.2219867584155626
  - - 2.2113099702406984
  tvec:
  - - 2197.0808904042087
  - - 692.7134579551612
  - - 4111.955524058673
- image: 192.168.14.204_ch_1_20251209_154946 (1).png
  rvec:
  - - -0.4256735004614201
  - - 1.2218750453797045
  - - 2.211260082648374
  tvec:
  - - 2197.1917877506166
  - - 692.7726848769262
  - - 4112.342428090786
- image: 192.168.14.204_ch_1_20251209_154946.png
  rvec:
  - - -0.42532156634894874
  - - 1.2218935428555078
  - - 2.211235528406858
  tvec:
  - - 2196.9062254380347
  - - 692.5959207016564
  - - 4111.634044700709
- image: 192.168.14.204_ch_1_20251209_154948.png
  rvec:
  - - -0.4257839697920542
  - - 1.2218313754745866
  - - 2.2112295261219743
  tvec:
  - - 2197.140440434001
  - - 692.7569206022656
  - - 4112.222687430104
board_to_room:
  R:
  - - 1.0
    - 0.0
    - 0.0
  - - 0.0
    - 1.0
    - 0.0
  - - 0.0
    - 0.0
    - 1.0
  t:
  - 0.0
  - 0.0
  - 0.0
