camera_matrix:
  - - 1379.7985419530341
    - 0
    - 966.5784268888193
  - - 0
    - 1337.038211456756
    - 570.0539056561635
  - - 0
    - 0
    - 1
dist_coeffs:
  - -0.38642657479022385
  - -0.219864923990089
  - -0.027949700451191238
  - 0.000042245865606344414
  - 0.5945395995635291
image_width: 1920
image_height: 1080
extrinsics:
  rotation_vector:
    - - -0.8526733504311019
    - - -0.2095608865431413
    - - -0.6253814072004386
  translation_vector:
    - - -2017.3831540200324
    - - 322.8327211675925
    - - 4453.840444082165
board_to_room:
  R:
    - - 1
      - 0
      - 0
    - - 0
      - 1
      - 0
    - - 0
      - 0
      - 1
  T:
    - 57080
    - 11600
calibration_time: 36.11
