camera_matrix:
- - 1205.6532450968298
  - 0.0
  - 1049.7050725505087
- - 0.0
  - 1206.09139249161
  - 610.9725010993918
- - 0.0
  - 0.0
  - 1.0
dist_coeffs:
- - -0.3556264246039436
  - 0.18548015180650412
  - 0.007647729613245396
  - 0.004615257917112526
  - -0.0412047958312417
image_width: 1920
image_height: 1080
extrinsics:
- image: 206.jpg
  rvec:
  - - -0.51656458838493
  - - 0.971235123828436
  - - 2.251095550742209
  tvec:
  - - -1688.84935923123
  - - 287.8972060967768
  - - 3844.463094885229
board_to_room:
  R:
  - - 1.0
    - 0.0
    - 0.0
  - - 0.0
    - 1.0
    - 0.0
  - - 0.0
    - 0.0
    - 1.0
  t:
  - 57075.0
  - 11585.0
  - 0.0
