camera_matrix:
- - 1195.2387990022949
  - 0.0
  - 1039.024305228321
- - 0.0
  - 1204.8759369439438
  - 601.0823114035945
- - 0.0
  - 0.0
  - 1.0
dist_coeffs:
- - -0.36580915924097557
  - 0.18886326340184603
  - 0.008721989572211231
  - 0.0021920585531005265
  - -0.04645442899172813
image_width: 1920
image_height: 1080
extrinsics:
- image: 192.168.14.206_ch_1_20251209_155123.png
  rvec:
  - - -0.7809720072944443
  - - -0.4287140900519283
  - - -0.6425246314248344
  tvec:
  - - -2639.332388934298
  - - 284.68529775638945
  - - 3809.4603101921725
- image: 192.168.14.206_ch_1_20251209_155124.png
  rvec:
  - - -0.7810337108372466
  - - -0.42869515539470493
  - - -0.642542817437105
  tvec:
  - - -2639.2431288449216
  - - 284.69299999831867
  - - 3809.3291984710504
- image: 192.168.14.206_ch_1_20251209_155125.png
  rvec:
  - - -0.7809648157897408
  - - -0.4286257765864634
  - - -0.6425603787711556
  tvec:
  - - -2639.27903849383
  - - 284.69367315199213
  - - 3809.3680544712997
- image: 192.168.14.206_ch_1_20251209_155136.png
  rvec:
  - - -0.7811476116868645
  - - -0.42854364798392386
  - - -0.642611079387174
  tvec:
  - - -2639.0206909706785
  - - 284.7291227837693
  - - 3809.006817252563
- image: 192.168.14.206_ch_1_20251209_155137.png
  rvec:
  - - -0.7810932833796758
  - - -0.4285391575675541
  - - -0.6426268869150022
  tvec:
  - - -2639.1041756490026
  - - 284.73615987243653
  - - 3809.113601139681
- image: 192.168.14.206_ch_1_20251209_155138.png
  rvec:
  - - -0.7810414625412173
  - - -0.4285321065363947
  - - -0.6426236387630418
  tvec:
  - - -2639.1177312439263
  - - 284.7294812851078
  - - 3809.1222278892697
board_to_room:
  R:
  - - 1.0
    - 0.0
    - 0.0
  - - 0.0
    - 1.0
    - 0.0
  - - 0.0
    - 0.0
    - 1.0
  t:
  - 0.0
  - 0.0
  - 0.0
