board_to_room:
  R:
  - - 1.0
    - 0.0
    - 0.0
  - - 0.0
    - 1.0
    - 0.0
  - - 0.0
    - 0.0
    - 1.0
  t:
  - 0.0
  - 0.0
  - 0.0
camera_matrix:
- - 1189.283354648349
  - 0.0
  - 951.179855237713
- - 0.0
  - 1183.1146946254864
  - 509.24890681211997
- - 0.0
  - 0.0
  - 1.0
dist_coeffs:
- - -0.4457698063123516
  - 0.31952324136677374
  - 0.00035952614123633706
  - 0.00020272490733490097
  - -0.17261079354585918
extrinsics:
- image: 202.png
  rvec:
  - - -0.5538399952122509
  - - -1.288268166801323
  - - -2.19371116281056
  tvec:
  - - -11.150596127153152
  - - 2875.8412250940974
  - - 951.6493282852911
image_height: 1080
image_width: 1920
