board_to_room:
  R:
  - - 1.0
    - 0.0
    - 0.0
  - - 0.0
    - 1.0
    - 0.0
  - - 0.0
    - 0.0
    - 1.0
  t:
  - 0.0
  - 0.0
  - 0.0
camera_matrix:
- - 1191.261089894499
  - 0.0
  - 935.7759908886496
- - 0.0
  - 1185.6616983426532
  - 506.0240651373736
- - 0.0
  - 0.0
  - 1.0
dist_coeffs:
- - -0.4230150605747701
  - 0.2141134211623819
  - 0.001226033447173456
  - 0.0016382279323965078
  - -0.06040815124289361
extrinsics:
- image: 203.png
  rvec:
  - - -1.1095879764796792
  - - 0.5817373791104683
  - - 0.7064546414525048
  tvec:
  - - 1422.9283548386913
  - - 3.816047878873628
  - - 6092.690364286346
image_height: 1080
image_width: 1920
