board_to_room:
  R:
  - - 1.0
    - 0.0
    - 0.0
  - - 0.0
    - 1.0
    - 0.0
  - - 0.0
    - 0.0
    - 1.0
  t:
  - 0.0
  - 0.0
  - 0.0
camera_matrix:
- - 1202.8853996925295
  - 0.0
  - 944.911691921589
- - 0.0
  - 1189.1873577260978
  - 564.4265025685926
- - 0.0
  - 0.0
  - 1.0
dist_coeffs:
- - -0.44167642462732326
  - 0.2473581607974123
  - -0.0030375017871776553
  - -0.0005779669724035489
  - -0.0738691611215069
extrinsics:
- image: 207.png
  rvec:
  - - -0.3891281017453508
  - - 0.9634363774124614
  - - 2.1679897522972356
  tvec:
  - - 44.58377562476138
  - - 439.93479777534446
  - - 3632.0356274106
image_height: 1080
image_width: 1920
